North_America 5
1 Alaska 50,80 2,6,32
2 Alberta 100,140 1,6,7,9
3 Cent_Ameri 130,260 4,9,13
4 E_US 190,200 3,7,8,9
5 Greenland 260,30 6,7,8,15
6 NW_Terri 130,80 1,2,5,7
7 Ontario 170,140 2,4,5,8,9
8 Quebec 230,140 4,5,7
9 W_US 100,200 2,3,4,7
South_America 2 
10 Argentina 190,460 11,12
11 Brazil 250,380 10,12,13,25
12 Peru 150,360 10,11,13
13 Venezuela 170,290 3,11,12
Europe 5 
14 G_Britain 320,140 15,16,17,20
15 Iceland 320,90 5,14,17 
16 N_Europe 400,160 14,17,18,19,20
17 Scandi 400,80 14,15,16,19
18 S_Europe 400,230 16,19,20,23,33
19 Ukraine 460,150 16,17,18,27,33,37
20 W_Europe 340,230 14,16,18,25
Africa 3
21 Congo 430,390 22,25,26 
22 E_Africa 480,390 21,23,24,25,26,33 
23 Egypt 430,300 18,22,25,33
24 Madag 500,460 22,24,26
25 N_Africa 340,330 11,21,22,23
26 S_Africa 440,460 21,22,24
Asia 7
27 Afghani 520,200 19,28,29,33,37
28 China 640,240 27,29,34,35,36,37 
29 India 580,300 27,28,33,35
30 Irkutsk 640,140 32,34,36,38
31 Japan 750,170 32,34
32 Kamchatka 740,80 1,30,31,34,38,
33 Middle_E 460,260 18,19,22,23,27,29
34 Mongolia 640,180 28,30,31,32,36,
35 Siam 660,320 28,29,40,41
36 Siberia 580,80 28,30,34,37,38
37 Ural 550,120 19,27,28,33,36
38 Yakutsk 640,80 30,32,36
Australia 2
39 E_Aus 770,460 41,42
40 Indonesia 640,400 35,41,42
41 New_Guinea 740,360 39,40,42
42 W_Aus 680,460 39,40,41